FORMAT 1
 fake.rf 1440.00000000 50001.15404757904809685 0.10000 7 
 fake.rf 1440.00000000 50014.81861830283479975 0.10000 7 
 fake.rf 1440.00000000 50029.03953646040966419 0.10000 7 
 fake.rf 1440.00000000 50043.01153760700658069 0.10000 7 
 fake.rf 1440.00000000 50057.04878308376147089 0.10000 7 
 fake.rf 1440.00000000 50070.53449303360491029 0.10000 7 
 fake.rf 1440.00000000 50084.58804786026236400 0.10000 7 
 fake.rf 1440.00000000 50098.83849301560749012 0.10000 7 
 fake.rf 1440.00000000 50112.47329702743826374 0.10000 7 
 fake.rf 1440.00000000 50126.61920112088388279 0.10000 7 
 fake.rf 1440.00000000 50140.52992644258788246 0.10000 7 
 fake.rf 1440.00000000 50154.59268299564343963 0.10000 7 
 fake.rf 1440.00000000 50168.37839926503123067 0.10000 7 
 fake.rf 1440.00000000 50182.43925084470466302 0.10000 7 
 fake.rf 1440.00000000 50196.69357730888589586 0.10000 7 
 fake.rf 1440.00000000 50210.63132817164788335 0.10000 7 
 fake.rf 1440.00000000 50224.40611321246804977 0.10000 7 
 fake.rf 1440.00000000 50238.42227724263628730 0.10000 7 
 fake.rf 1440.00000000 50252.00025496475083386 0.10000 7 
 fake.rf 1440.00000000 50266.27227311262446108 0.10000 7 
 fake.rf 1440.00000000 50279.84026813539285428 0.10000 7 
 fake.rf 1440.00000000 50293.95309953040439055 0.10000 7 
 fake.rf 1440.00000000 50307.84443669730679005 0.10000 7 
 fake.rf 1440.00000000 50322.25084074576351156 0.10000 7 
 fake.rf 1440.00000000 50335.78094958673002779 0.10000 7 
 fake.rf 1440.00000000 50349.90556705914995916 0.10000 7 
 fake.rf 1440.00000000 50363.68657169164990250 0.10000 7 
 fake.rf 1440.00000000 50377.63435786128254179 0.10000 7 
 fake.rf 1440.00000000 50392.18954226922262762 0.10000 7 
 fake.rf 1440.00000000 50405.63087112550827840 0.10000 7 
 fake.rf 1440.00000000 50419.78909536971680438 0.10000 7 
 fake.rf 1440.00000000 50433.96832253519340128 0.10000 7 
 fake.rf 1440.00000000 50447.77911486127371887 0.10000 7 
 fake.rf 1440.00000000 50461.52981664584668664 0.10000 7 
 fake.rf 1440.00000000 50475.71927104445511958 0.10000 7 
 fake.rf 1440.00000000 50489.60553492465869141 0.10000 7 
 fake.rf 1440.00000000 50503.54683934904970499 0.10000 7 
 fake.rf 1440.00000000 50517.82807468221306024 0.10000 7 
 fake.rf 1440.00000000 50531.33634311070949252 0.10000 7 
 fake.rf 1440.00000000 50545.61734433334270378 0.10000 7 
 fake.rf 1440.00000000 50559.41604312045108216 0.10000 7 
 fake.rf 1440.00000000 50573.53992962343467710 0.10000 7 
 fake.rf 1440.00000000 50587.25524670803449467 0.10000 7 
 fake.rf 1440.00000000 50601.54455454924400826 0.10000 7 
 fake.rf 1440.00000000 50615.10085200620384782 0.10000 7 
 fake.rf 1440.00000000 50629.10872170010143734 0.10000 7 
 fake.rf 1440.00000000 50643.37400641332352436 0.10000 7 
 fake.rf 1440.00000000 50657.40998164022876082 0.10000 7 
 fake.rf 1440.00000000 50670.80557475460152617 0.10000 7 
 fake.rf 1440.00000000 50685.35372989528865872 0.10000 7 
 fake.rf 1440.00000000 50699.03328266822749981 0.10000 7 
 fake.rf 1440.00000000 50712.70176358643928438 0.10000 7 
 fake.rf 1440.00000000 50726.73430953194937132 0.10000 7 
 fake.rf 1440.00000000 50741.01009217726245026 0.10000 7 
 fake.rf 1440.00000000 50755.12320323736028271 0.10000 7 
 fake.rf 1440.00000000 50768.72408406610556852 0.10000 7 
 fake.rf 1440.00000000 50782.49604358938550064 0.10000 7 
 fake.rf 1440.00000000 50796.42838533277575408 0.10000 7 
 fake.rf 1440.00000000 50810.68194508712995372 0.10000 7 
 fake.rf 1440.00000000 50824.38064839654749960 0.10000 7 
 fake.rf 1440.00000000 50838.45921176524745988 0.10000 7 
 fake.rf 1440.00000000 50852.90922178619094041 0.10000 7 
 fake.rf 1440.00000000 50866.82537837802392389 0.10000 7 
 fake.rf 1440.00000000 50880.75296010582383133 0.10000 7 
 fake.rf 1440.00000000 50894.32523134496990380 0.10000 7 
 fake.rf 1440.00000000 50908.46906834183767643 0.10000 7 
 fake.rf 1440.00000000 50922.32114005411381896 0.10000 7 
 fake.rf 1440.00000000 50936.53960846219906955 0.10000 7 
 fake.rf 1440.00000000 50950.33624013035147371 0.10000 7 
 fake.rf 1440.00000000 50964.40147300180877821 0.10000 7 
 fake.rf 1440.00000000 50978.27250208219394878 0.10000 7 
 fake.rf 1440.00000000 50991.90605859000260125 0.10000 7 
 fake.rf 1440.00000000 51006.13340407111121522 0.10000 7 
 fake.rf 1440.00000000 51020.42464295873894997 0.10000 7 
 fake.rf 1440.00000000 51034.38573339220830860 0.10000 7 
 fake.rf 1440.00000000 51048.20760232590646055 0.10000 7 
 fake.rf 1440.00000000 51061.87827033412855471 0.10000 7 
 fake.rf 1440.00000000 51076.14287152104469314 0.10000 7 
 fake.rf 1440.00000000 51090.03894177030002766 0.10000 7 
 fake.rf 1440.00000000 51103.81009561796049567 0.10000 7 
 fake.rf 1440.00000000 51117.99441139950213042 0.10000 7 
 fake.rf 1440.00000000 51131.60826051217780375 0.10000 7 
 fake.rf 1440.00000000 51145.75278797404422448 0.10000 7 
 fake.rf 1440.00000000 51160.00787574087910059 0.10000 7 
 fake.rf 1440.00000000 51173.93573358564248466 0.10000 7 
 fake.rf 1440.00000000 51187.56493154000193968 0.10000 7 
 fake.rf 1440.00000000 51201.45912613749513298 0.10000 7 
 fake.rf 1440.00000000 51215.86383624017063454 0.10000 7 
 fake.rf 1440.00000000 51229.46360204519743675 0.10000 7 
 fake.rf 1440.00000000 51243.64958247747448183 0.10000 7 
 fake.rf 1440.00000000 51257.79122192325751683 0.10000 7 
 fake.rf 1440.00000000 51271.50777711725682551 0.10000 7 
 fake.rf 1440.00000000 51285.51532699587379582 0.10000 7 
 fake.rf 1440.00000000 51299.61134910790038788 0.10000 7 
 fake.rf 1440.00000000 51313.29371213226431436 0.10000 7 
 fake.rf 1440.00000000 51327.57842600096126517 0.10000 7 
 fake.rf 1440.00000000 51341.18984447929548764 0.10000 7 
 fake.rf 1440.00000000 51355.42917188982240972 0.10000 7 
 fake.rf 1440.00000000 51369.30391361310746490 0.10000 7 
 fake.rf 1440.00000000 51383.41685655282798351 0.10000 7 
 fake.rf 1440.00000000 51397.09297624048003783 0.10000 7 
 fake.rf 1440.00000000 51410.87697300762370389 0.10000 7 
 fake.rf 1440.00000000 51425.32836522679657776 0.10000 7 
 fake.rf 1440.00000000 51439.27005640848160084 0.10000 7 
 fake.rf 1440.00000000 51452.71685150127320441 0.10000 7 
 fake.rf 1440.00000000 51467.16756021644234309 0.10000 7 
 fake.rf 1440.00000000 51480.96934642188656639 0.10000 7 
 fake.rf 1440.00000000 51494.79170225872024247 0.10000 7 
 fake.rf 1440.00000000 51508.87857156661930702 0.10000 7 
 fake.rf 1440.00000000 51522.61465414825809361 0.10000 7 
 fake.rf 1440.00000000 51536.91305649202443462 0.10000 7 
 fake.rf 1440.00000000 51550.55580098031370540 0.10000 7 
 fake.rf 1440.00000000 51564.61062535406027507 0.10000 7 
 fake.rf 1440.00000000 51578.42511468662727125 0.10000 7 
 fake.rf 1440.00000000 51592.36117290044678541 0.10000 7 
 fake.rf 1440.00000000 51606.38208123640567848 0.10000 7 
 fake.rf 1440.00000000 51620.53066124040111617 0.10000 7 
 fake.rf 1440.00000000 51634.39914018834698695 0.10000 7 
 fake.rf 1440.00000000 51648.19631795458483836 0.10000 7 
 fake.rf 1440.00000000 51662.64955650202873372 0.10000 7 
 fake.rf 1440.00000000 51676.07557526224234579 0.10000 7 
 fake.rf 1440.00000000 51690.05261862890930047 0.10000 7 
 fake.rf 1440.00000000 51704.26063837319193084 0.10000 7 
 fake.rf 1440.00000000 51718.39909972119504289 0.10000 7 
 fake.rf 1440.00000000 51732.51039131603004151 0.10000 7 
 fake.rf 1440.00000000 51746.43900011082181933 0.10000 7 
 fake.rf 1440.00000000 51760.23373471940933044 0.10000 7 
 fake.rf 1440.00000000 51773.99467085571217240 0.10000 7 
 fake.rf 1440.00000000 51788.20083317770927067 0.10000 7 
 fake.rf 1440.00000000 51801.90853553452902602 0.10000 7 
 fake.rf 1440.00000000 51815.82064069873305812 0.10000 7 
 fake.rf 1440.00000000 51829.74114876944044639 0.10000 7 
 fake.rf 1440.00000000 51843.93774063783435935 0.10000 7 
 fake.rf 1440.00000000 51857.67279741847999119 0.10000 7 
 fake.rf 1440.00000000 51871.57322270201790815 0.10000 7 
 fake.rf 1440.00000000 51885.92150247868788426 0.10000 7 
 fake.rf 1440.00000000 51899.47882731847862203 0.10000 7 
 fake.rf 1440.00000000 51913.88593155838054471 0.10000 7 
 fake.rf 1440.00000000 51927.42812656802181692 0.10000 7 
 fake.rf 1440.00000000 51941.77721346550723425 0.10000 7 
 fake.rf 1440.00000000 51955.29195963143943615 0.10000 7 
 fake.rf 1440.00000000 51969.83744976559009743 0.10000 7 
 fake.rf 1440.00000000 51983.20084049781084445 0.10000 7 
 fake.rf 1440.00000000 51997.47530386579849093 0.10000 7 
 fake.rf 1440.00000000 52011.20684262416078880 0.10000 7 
 fake.rf 1440.00000000 52025.21118435286767223 0.10000 7 
 fake.rf 1440.00000000 52039.54478211229964302 0.10000 7 
 fake.rf 1440.00000000 52053.46312692203209593 0.10000 7 
 fake.rf 1440.00000000 52067.37417368271170659 0.10000 7 
 fake.rf 1440.00000000 52081.54317526850241293 0.10000 7 
 fake.rf 1440.00000000 52095.28631802480562030 0.10000 7 
 fake.rf 1440.00000000 52109.32827627839767715 0.10000 7 
 fake.rf 1440.00000000 52122.84588062938800590 0.10000 7 
 fake.rf 1440.00000000 52136.83526919294707369 0.10000 7 
 fake.rf 1440.00000000 52151.05391492575310863 0.10000 7 
 fake.rf 1440.00000000 52164.72103686863436778 0.10000 7 
 fake.rf 1440.00000000 52178.67726032523593815 0.10000 7 
 fake.rf 1440.00000000 52192.72886671887903987 0.10000 7 
 fake.rf 1440.00000000 52206.86181754911247666 0.10000 7 
 fake.rf 1440.00000000 52221.06242939052529550 0.10000 7 
 fake.rf 1440.00000000 52234.85996419597137930 0.10000 7 
 fake.rf 1440.00000000 52248.94324625757287706 0.10000 7 
 fake.rf 1440.00000000 52262.43592552815508867 0.10000 7 
 fake.rf 1440.00000000 52276.46827835016150843 0.10000 7 
 fake.rf 1440.00000000 52290.99150989306457049 0.10000 7 
 fake.rf 1440.00000000 52304.42284051720724491 0.10000 7 
 fake.rf 1440.00000000 52318.84169917582158504 0.10000 7 
 fake.rf 1440.00000000 52332.29381495918028477 0.10000 7 
 fake.rf 1440.00000000 52346.83714258177619882 0.10000 7 
 fake.rf 1440.00000000 52360.16975559486080982 0.10000 7 
 fake.rf 1440.00000000 52374.67585106098513137 0.10000 7 
 fake.rf 1440.00000000 52388.10548425442888387 0.10000 7 
 fake.rf 1440.00000000 52402.02181340782266972 0.10000 7 
 fake.rf 1440.00000000 52416.59619236648783414 0.10000 7 
 fake.rf 1440.00000000 52430.33851496370219536 0.10000 7 
 fake.rf 1440.00000000 52444.02460899712808740 0.10000 7 
 fake.rf 1440.00000000 52457.97488908022764775 0.10000 7 
 fake.rf 1440.00000000 52472.08903546942621077 0.10000 7 
 fake.rf 1440.00000000 52486.39836702555447090 0.10000 7 
 fake.rf 1440.00000000 52500.29791993647921444 0.10000 7 
 fake.rf 1440.00000000 52513.95262736070146303 0.10000 7 
 fake.rf 1440.00000000 52528.04332772270558038 0.10000 7 
 fake.rf 1440.00000000 52542.02306497291800369 0.10000 7 
 fake.rf 1440.00000000 52555.90026950986907650 0.10000 7 
 fake.rf 1440.00000000 52570.01858448094223775 0.10000 7 
 fake.rf 1440.00000000 52583.58852684884932671 0.10000 7 
 fake.rf 1440.00000000 52597.83774606095418491 0.10000 7 
 fake.rf 1440.00000000 52611.95051054081643116 0.10000 7 
 fake.rf 1440.00000000 52625.61028537367267077 0.10000 7 
 fake.rf 1440.00000000 52640.03068150029260153 0.10000 7 
 fake.rf 1440.00000000 52653.71561718879672043 0.10000 7 
 fake.rf 1440.00000000 52667.87781958997823395 0.10000 7 
 fake.rf 1440.00000000 52681.75305721694876127 0.10000 7 
 fake.rf 1440.00000000 52695.63556486927011946 0.10000 7 
 fake.rf 1440.00000000 52709.20167949379451144 0.10000 7 
 fake.rf 1440.00000000 52723.63837472352703273 0.10000 7 
 fake.rf 1440.00000000 52737.65710575735382193 0.10000 7 
 fake.rf 1440.00000000 52751.68030501136088972 0.10000 7 
 fake.rf 1440.00000000 52765.60734213438299989 0.10000 7 
 fake.rf 1440.00000000 52779.54096023499950263 0.10000 7 
 fake.rf 1440.00000000 52793.60166520786825473 0.10000 7 
 fake.rf 1440.00000000 52807.40635720158701361 0.10000 7 
 fake.rf 1440.00000000 52821.47450124121025539 0.10000 7 
 fake.rf 1440.00000000 52835.48976141172171950 0.10000 7 
 fake.rf 1440.00000000 52849.24039177442588411 0.10000 7 
 fake.rf 1440.00000000 52863.08908449940501129 0.10000 7 
 fake.rf 1440.00000000 52876.82866472590952611 0.10000 7 
 fake.rf 1440.00000000 52891.23446789226730047 0.10000 7 
 fake.rf 1440.00000000 52905.23553312549786654 0.10000 7 
 fake.rf 1440.00000000 52918.65600429502316615 0.10000 7 
 fake.rf 1440.00000000 52932.99958644021667808 0.10000 7 
 fake.rf 1440.00000000 52946.69358514823254680 0.10000 7 
 fake.rf 1440.00000000 52960.90964944207068399 0.10000 7 
 fake.rf 1440.00000000 52974.60452824829125262 0.10000 7 
 fake.rf 1440.00000000 52988.88062419941088166 0.10000 7 
 fake.rf 1440.00000000 53002.58656287141653252 0.10000 7 
 fake.rf 1440.00000000 53016.55627676370276191 0.10000 7 
 fake.rf 1440.00000000 53030.45315130839940565 0.10000 7 
 fake.rf 1440.00000000 53044.31008056152323960 0.10000 7 
 fake.rf 1440.00000000 53058.64446199747992594 0.10000 7 
 fake.rf 1440.00000000 53072.33329206840111425 0.10000 7 
 fake.rf 1440.00000000 53086.58004980115702054 0.10000 7 
 fake.rf 1440.00000000 53100.44819300829325215 0.10000 7 
 fake.rf 1440.00000000 53114.71715340944045636 0.10000 7 
 fake.rf 1440.00000000 53128.21797820112451660 0.10000 7 
 fake.rf 1440.00000000 53142.35712872177904487 0.10000 7 
 fake.rf 1440.00000000 53156.43434379497790943 0.10000 7 
 fake.rf 1440.00000000 53169.99212573443993080 0.10000 7 
 fake.rf 1440.00000000 53184.19270155154123358 0.10000 7 
 fake.rf 1440.00000000 53198.23517981047976733 0.10000 7 
 fake.rf 1440.00000000 53212.43147255779522098 0.10000 7 
 fake.rf 1440.00000000 53226.06431276808891440 0.10000 7 
 fake.rf 1440.00000000 53239.94970906355705864 0.10000 7 
 fake.rf 1440.00000000 53254.25237190817138000 0.10000 7 
 fake.rf 1440.00000000 53267.93869842327908870 0.10000 7 
 fake.rf 1440.00000000 53281.61295113456110428 0.10000 7 
 fake.rf 1440.00000000 53295.80253268979780756 0.10000 7 
 fake.rf 1440.00000000 53309.93333222346003453 0.10000 7 
 fake.rf 1440.00000000 53324.05161415471256703 0.10000 7 
 fake.rf 1440.00000000 53337.61382032705688871 0.10000 7 
 fake.rf 1440.00000000 53351.86998378397048626 0.10000 7 
 fake.rf 1440.00000000 53365.70340724138516464 0.10000 7 
 fake.rf 1440.00000000 53379.66450488152086962 0.10000 7 
 fake.rf 1440.00000000 53393.50829207004252197 0.10000 7 
 fake.rf 1440.00000000 53407.74148703945552441 0.10000 7 
 fake.rf 1440.00000000 53421.35024001355665035 0.10000 7 
 fake.rf 1440.00000000 53435.60485863669020645 0.10000 7 
 fake.rf 1440.00000000 53449.17932688985375478 0.10000 7 
 fake.rf 1440.00000000 53463.38984708616390407 0.10000 7 
 fake.rf 1440.00000000 53477.53962104050273396 0.10000 7 
 fake.rf 1440.00000000 53491.48669677809605361 0.10000 7 
 fake.rf 1440.00000000 53505.42427318269395542 0.10000 7 
 fake.rf 1440.00000000 53519.19236423113648726 0.10000 7 
 fake.rf 1440.00000000 53533.04580927373093857 0.10000 7 
 fake.rf 1440.00000000 53547.29057211687903006 0.10000 7 
 fake.rf 1440.00000000 53561.26438074411727186 0.10000 7 
 fake.rf 1440.00000000 53575.29520229714542623 0.10000 7 
 fake.rf 1440.00000000 53588.98873960781691750 0.10000 7 
 fake.rf 1440.00000000 53603.22522289110087712 0.10000 7 
 fake.rf 1440.00000000 53616.82817973427397362 0.10000 7 
 fake.rf 1440.00000000 53631.26908803311337337 0.10000 7 
 fake.rf 1440.00000000 53645.07342345570107156 0.10000 7 
 fake.rf 1440.00000000 53659.01411321825258582 0.10000 7 
 fake.rf 1440.00000000 53672.71197724716234134 0.10000 7 
 fake.rf 1440.00000000 53686.85720153577776514 0.10000 7 
 fake.rf 1440.00000000 53700.52244390410469421 0.10000 7 
 fake.rf 1440.00000000 53714.59945334773117054 0.10000 7 
 fake.rf 1440.00000000 53728.97248531526825133 0.10000 7 
 fake.rf 1440.00000000 53742.80675322518446535 0.10000 7 
 fake.rf 1440.00000000 53756.37360404326375729 0.10000 7 
 fake.rf 1440.00000000 53770.34706825841561795 0.10000 7 
 fake.rf 1440.00000000 53784.47572569960061628 0.10000 7 
 fake.rf 1440.00000000 53798.58089269549576983 0.10000 7 
 fake.rf 1440.00000000 53812.55368057625898714 0.10000 7 
 fake.rf 1440.00000000 53826.56435126336453934 0.10000 7 
 fake.rf 1440.00000000 53840.27427265986220561 0.10000 7 
 fake.rf 1440.00000000 53854.56070622746700849 0.10000 7 
 fake.rf 1440.00000000 53868.19755496181884169 0.10000 7 
 fake.rf 1440.00000000 53882.18683732337225578 0.10000 7 
 fake.rf 1440.00000000 53896.05535052090210613 0.10000 7 
 fake.rf 1440.00000000 53910.54686592577320070 0.10000 7 
 fake.rf 1440.00000000 53923.85478347972580337 0.10000 7 
 fake.rf 1440.00000000 53938.36576576755937040 0.10000 7 
 fake.rf 1440.00000000 53951.99693167995682330 0.10000 7 
 fake.rf 1440.00000000 53965.86318691600547481 0.10000 7 
 fake.rf 1440.00000000 53979.99049150116132623 0.10000 7 
 fake.rf 1440.00000000 53994.30035874128919460 0.10000 7 
 fake.rf 1440.00000000 54008.23566160074100040 0.10000 7 
 fake.rf 1440.00000000 54022.09472958894366812 0.10000 7 
 fake.rf 1440.00000000 54036.01263947960556777 0.10000 7 
 fake.rf 1440.00000000 54049.58912527172676121 0.10000 7 
 fake.rf 1440.00000000 54063.92732761209079939 0.10000 7 
 fake.rf 1440.00000000 54077.68779897490832553 0.10000 7 
 fake.rf 1440.00000000 54091.90986727888643415 0.10000 7 
 fake.rf 1440.00000000 54105.98415970728611413 0.10000 7 
 fake.rf 1440.00000000 54119.92808142351658063 0.10000 7 
 fake.rf 1440.00000000 54133.85361816760268283 0.10000 7 
 fake.rf 1440.00000000 54147.37647950033035826 0.10000 7 
 fake.rf 1440.00000000 54161.73165918814212461 0.10000 7 
 fake.rf 1440.00000000 54175.52968990749257827 0.10000 7 
 fake.rf 1440.00000000 54189.32429478549023116 0.10000 7 
 fake.rf 1440.00000000 54203.69116470663334795 0.10000 7 
 fake.rf 1440.00000000 54217.65607900796927154 0.10000 7 
 fake.rf 1440.00000000 54231.59407692720366256 0.10000 7 
 fake.rf 1440.00000000 54245.30529414473738825 0.10000 7 
 fake.rf 1440.00000000 54259.31910515970006159 0.10000 7 
 fake.rf 1440.00000000 54273.00525057077165769 0.10000 7 
 fake.rf 1440.00000000 54287.04112743489998749 0.10000 7 
 fake.rf 1440.00000000 54301.39667991774722822 0.10000 7 
 fake.rf 1440.00000000 54315.11033378214865053 0.10000 7 
 fake.rf 1440.00000000 54329.05294993582774410 0.10000 7 
 fake.rf 1440.00000000 54343.27157717378097956 0.10000 7 
 fake.rf 1440.00000000 54356.99804126691018880 0.10000 7 
 fake.rf 1440.00000000 54370.82319916518066805 0.10000 7 
 fake.rf 1440.00000000 54384.71121840251378643 0.10000 7 
 fake.rf 1440.00000000 54399.00883045482229861 0.10000 7 
 fake.rf 1440.00000000 54412.99951892281944765 0.10000 7 
 fake.rf 1440.00000000 54426.56896482339383070 0.10000 7 
 fake.rf 1440.00000000 54440.84010582592276606 0.10000 7 
 fake.rf 1440.00000000 54454.72808838050440627 0.10000 7 
 fake.rf 1440.00000000 54468.92033687754624793 0.10000 7 
 fake.rf 1440.00000000 54482.80618976953395460 0.10000 7 
 fake.rf 1440.00000000 54496.40393403291946584 0.10000 7 
 fake.rf 1440.00000000 54510.39487996962285266 0.10000 7 
 fake.rf 1440.00000000 54524.54102723245356188 0.10000 7 
 fake.rf 1440.00000000 54538.25129002492253605 0.10000 7 
 fake.rf 1440.00000000 54552.22438369984734763 0.10000 7 
 fake.rf 1440.00000000 54566.33429376119491039 0.10000 7 
 fake.rf 1440.00000000 54580.27231063379828768 0.10000 7 
 fake.rf 1440.00000000 54594.63881005399518642 0.10000 7 
 fake.rf 1440.00000000 54608.58497693694122788 0.10000 7 
 fake.rf 1440.00000000 54622.35582469662923799 0.10000 7 
 fake.rf 1440.00000000 54636.46075354976895966 0.10000 7 
 fake.rf 1440.00000000 54650.41006067632216769 0.10000 7 
 fake.rf 1440.00000000 54664.15713251375627735 0.10000 7 
 fake.rf 1440.00000000 54678.01150462554997844 0.10000 7 
 fake.rf 1440.00000000 54692.01284884843251888 0.10000 7 
 fake.rf 1440.00000000 54706.15095879282009861 0.10000 7 
 fake.rf 1440.00000000 54720.07943388612549995 0.10000 7 
 fake.rf 1440.00000000 54733.80788998818741220 0.10000 7 
 fake.rf 1440.00000000 54747.69787981955293432 0.10000 7 
 fake.rf 1440.00000000 54761.60719707559171709 0.10000 7 
 fake.rf 1440.00000000 54775.59250651747807126 0.10000 7 
 fake.rf 1440.00000000 54789.91385318713513186 0.10000 7 
 fake.rf 1440.00000000 54803.68655441786119553 0.10000 7 
 fake.rf 1440.00000000 54817.59810918758779508 0.10000 7 
 fake.rf 1440.00000000 54831.58862729599998431 0.10000 7 
 fake.rf 1440.00000000 54845.39024308209948799 0.10000 7 
 fake.rf 1440.00000000 54859.57613642771415030 0.10000 7 
 fake.rf 1440.00000000 54873.87602164971335839 0.10000 7 
 fake.rf 1440.00000000 54887.60384603355352695 0.10000 7 
 fake.rf 1440.00000000 54901.35354731678997098 0.10000 7 
 fake.rf 1440.00000000 54915.57751144247943387 0.10000 7 
 fake.rf 1440.00000000 54929.60797285248851907 0.10000 7 
 fake.rf 1440.00000000 54943.38684614208732171 0.10000 7 
 fake.rf 1440.00000000 54957.12851690831324447 0.10000 7 
 fake.rf 1440.00000000 54971.57413379893062100 0.10000 7 
 fake.rf 1440.00000000 54985.36432692656163468 0.10000 7 
 fake.rf 1440.00000000 54999.25413375664920679 0.10000 7 
 fake.rf 1440.00000000 55013.00932694627966413 0.10000 7 
 fake.rf 1440.00000000 55027.20424556624301715 0.10000 7 
 fake.rf 1440.00000000 55041.07844533416521315 0.10000 7 
 fake.rf 1440.00000000 55055.30937904139274863 0.10000 7 
 fake.rf 1440.00000000 55068.98078590349867767 0.10000 7 
 fake.rf 1440.00000000 55082.84251890936113227 0.10000 7 
 fake.rf 1440.00000000 55096.85875044792297217 0.10000 7 
 fake.rf 1440.00000000 55111.08942211519438459 0.10000 7 
 fake.rf 1440.00000000 55124.99072547625638308 0.10000 7 
 fake.rf 1440.00000000 55139.18329305054328771 0.10000 7 
 fake.rf 1440.00000000 55152.71399915811256065 0.10000 7 
 fake.rf 1440.00000000 55167.04865132539581651 0.10000 7 
 fake.rf 1440.00000000 55180.50276816025755267 0.10000 7 
 fake.rf 1440.00000000 55194.64768432820972066 0.10000 7 
 fake.rf 1440.00000000 55208.33920532751013610 0.10000 7 
 fake.rf 1440.00000000 55222.81956155854847168 0.10000 7 
 fake.rf 1440.00000000 55236.77540497145487919 0.10000 7 
 fake.rf 1440.00000000 55250.41670680726009834 0.10000 7 
 fake.rf 1440.00000000 55264.25914056948959541 0.10000 7 
 fake.rf 1440.00000000 55278.72149250027320022 0.10000 7 
 fake.rf 1440.00000000 55292.58691378088897750 0.10000 7 
 fake.rf 1440.00000000 55306.10079216093015475 0.10000 7 
 fake.rf 1440.00000000 55320.32919450474172152 0.10000 7 
 fake.rf 1440.00000000 55334.64920974322929936 0.10000 7 
 fake.rf 1440.00000000 55348.42527838049025135 0.10000 7 
 fake.rf 1440.00000000 55362.05570148868287106 0.10000 7 
 fake.rf 1440.00000000 55376.19281614858941865 0.10000 7 
 fake.rf 1440.00000000 55390.41544824171048589 0.10000 7 
 fake.rf 1440.00000000 55403.86304769338510923 0.10000 7 
 fake.rf 1440.00000000 55417.82858149168667694 0.10000 7 
 fake.rf 1440.00000000 55431.97924650177543171 0.10000 7 
 fake.rf 1440.00000000 55445.88693189483647572 0.10000 7 
 fake.rf 1440.00000000 55460.08561038497715145 0.10000 7 
 fake.rf 1440.00000000 55474.14870120982864421 0.10000 7 
 fake.rf 1440.00000000 55487.65887969988551376 0.10000 7 
 fake.rf 1440.00000000 55501.56719106706601963 0.10000 7 
 fake.rf 1440.00000000 55515.53024102545445118 0.10000 7 
 fake.rf 1440.00000000 55529.76154384946237030 0.10000 7 
 fake.rf 1440.00000000 55543.93875295511051249 0.10000 7 
 fake.rf 1440.00000000 55557.84133223921442379 0.10000 7 
 fake.rf 1440.00000000 55571.63676207441785948 0.10000 7 
 fake.rf 1440.00000000 55585.38290337235055460 0.10000 7 
 fake.rf 1440.00000000 55599.65836092345129060 0.10000 7 
 fake.rf 1440.00000000 55613.61280026897339113 0.10000 7 
 fake.rf 1440.00000000 55627.54208378923641831 0.10000 7 
 fake.rf 1440.00000000 55641.54728837482111103 0.10000 7 
 fake.rf 1440.00000000 55655.35364336607341684 0.10000 7 
 fake.rf 1440.00000000 55669.27699642817177050 0.10000 7 
 fake.rf 1440.00000000 55683.62839560731394783 0.10000 7 
 fake.rf 1440.00000000 55697.31541042110823625 0.10000 7 
 fake.rf 1440.00000000 55711.07267474096510185 0.10000 7 
 fake.rf 1440.00000000 55725.32772121831538925 0.10000 7 
 fake.rf 1440.00000000 55739.23350719364528771 0.10000 7 
 fake.rf 1440.00000000 55753.25739992674528267 0.10000 7 
 fake.rf 1440.00000000 55767.20402109520870582 0.10000 7 
 fake.rf 1440.00000000 55780.92410169834388256 0.10000 7 
 fake.rf 1440.00000000 55795.28331038271101505 0.10000 7 
 fake.rf 1440.00000000 55808.73860554942737267 0.10000 7 
 fake.rf 1440.00000000 55822.71954429592940272 0.10000 7 
 fake.rf 1440.00000000 55837.23124518357130341 0.10000 7 
 fake.rf 1440.00000000 55850.69030022427926241 0.10000 7 
 fake.rf 1440.00000000 55864.86013007186885204 0.10000 7 
 fake.rf 1440.00000000 55878.65107568656525316 0.10000 7 
 fake.rf 1440.00000000 55893.01370199087907764 0.10000 7 
 fake.rf 1440.00000000 55906.61818209701402438 0.10000 7 
 fake.rf 1440.00000000 55920.62419895419780147 0.10000 7 
 fake.rf 1440.00000000 55934.93336265489452686 0.10000 7 
 fake.rf 1440.00000000 55948.53911874495677026 0.10000 7 
 fake.rf 1440.00000000 55962.81466449099252358 0.10000 7 
 fake.rf 1440.00000000 55976.67259667527374845 0.10000 7 
 fake.rf 1440.00000000 55990.21915814994579463 0.10000 7 
 fake.rf 1440.00000000 56004.32835976742829942 0.10000 7 
